      0.00000      61.0094
      1.33333      54.5241
      2.66667      59.3427
      4.00000      56.0687
      5.33333      61.9489
      6.66667      58.8593
      8.00000      69.5122
      9.33333      70.6402
      10.6667      70.7600
      12.0000      68.7503
      13.3333      74.9065
      14.6667      69.2803
      16.0000      71.6527
      17.3333      69.0084
      18.6667      78.1340
      20.0000      74.6821
      21.3333      83.7749
      22.6667      88.3060
      24.0000      96.7901
      25.3333      86.0926
      26.6667      91.9126
      28.0000      66.2641
      29.3333      86.4064
      30.6667      77.7720
      32.0000      73.0954
      33.3333      58.5314
      34.6667      65.4443
      36.0000      62.5453
      37.3333      57.0108
      38.6667      67.0522
      40.0000      65.2508
      41.3333      68.3126
      42.6667      56.2243
      44.0000      64.2185
      45.3333      65.0644
      46.6667      62.6949
      48.0000      64.3002
      49.3333      59.6086
      50.6667      59.0151
      52.0000      52.4055
      53.3333      42.4633
      54.6667      34.2122
      56.0000      38.9895
      57.3333      28.5502
      58.6667      40.0632
      60.0000      34.4696
      61.3333      22.4126
      62.6667      30.2603
      64.0000      22.9971
      65.3333      19.5852
      66.6667      28.1570
      68.0000      21.4614
      69.3333      23.8145
      70.6667      27.2675
      72.0000      20.5987
      73.3333      23.2610
      74.6667      30.2039
      76.0000      32.0693
      77.3333      29.9841
      78.6667      29.7155
      80.0000      16.6000
      81.3333      22.4561
      82.6667      26.2552
      84.0000      31.2010
      85.3333      29.9570
      86.6667      20.4361
      88.0000      11.3914
      89.3333      32.2844
      90.6667      16.8139
      92.0000      22.8338
      93.3333      19.3934
      94.6667      24.2756
      96.0000      29.8086
      97.3333      20.7910
      98.6667      18.9071
      100.000      22.4508
      101.333      23.5087
      102.667      26.5426
      104.000      11.7750
      105.333      14.1480
      106.667      34.4969
      108.000      23.0430
      109.333      22.9661
      110.667      20.7007
      112.000      19.4665
      113.333      35.3912
      114.667      18.2296
      116.000      5.06568
      117.333      21.7357
      118.667      17.8597
      120.000      18.4440
      121.333      16.5896
      122.667      12.6745
      124.000      4.11672
      125.333     -2.22060
      126.667      1.06613
      128.000      9.66508
      129.333      5.91074
      130.667      1.97271
      132.000      3.12259
      133.333      14.2098
      134.667      4.43460
      136.000      15.6638
      137.333      14.9376
      138.667      25.8723
      140.000      18.2840
      141.333      12.0044
      142.667      26.9909
      144.000      7.85173
      145.333      15.7427
      146.667      12.5259
      148.000      14.1698
      149.333      17.4780
      150.667    -0.143413
      152.000      14.7809
      153.333      5.42562
