      0.00000      376.335
      1.33333      374.577
      2.66667      390.623
      4.00000      383.456
      5.33333      386.605
      6.66667      380.328
      8.00000      385.525
      9.33333      383.637
      10.6667      396.192
      12.0000      383.749
      13.3333      413.705
      14.6667      416.454
      16.0000      440.511
      17.3333      427.360
      18.6667      438.904
      20.0000      428.264
      21.3333      421.884
      22.6667      428.455
      24.0000      432.752
      25.3333      424.836
      26.6667      440.483
      28.0000      415.747
      29.3333      412.218
      30.6667      412.399
      32.0000      410.798
      33.3333      413.361
      34.6667      444.776
      36.0000      422.347
      37.3333      431.800
      38.6667      408.310
      40.0000      419.485
      41.3333      406.188
      42.6667      414.663
      44.0000      431.336
      45.3333      422.391
      46.6667      422.663
      48.0000      424.834
      49.3333      427.087
      50.6667      401.666
      52.0000      394.064
      53.3333      360.542
      54.6667      365.272
      56.0000      355.671
      57.3333      359.099
      58.6667      341.750
      60.0000      338.533
      61.3333      347.536
      62.6667      344.188
      64.0000      318.690
      65.3333      302.655
      66.6667      325.562
      68.0000      321.161
      69.3333      293.004
      70.6667      285.985
      72.0000      260.461
      73.3333      255.784
      74.6667      260.588
      76.0000      231.848
      77.3333      230.992
      78.6667      229.183
      80.0000      228.400
      81.3333      217.058
      82.6667      229.707
      84.0000      228.617
      85.3333      205.356
      86.6667      180.332
      88.0000      190.891
      89.3333      210.669
      90.6667      206.865
      92.0000      192.090
      93.3333      188.292
      94.6667      176.493
      96.0000      173.828
      97.3333      190.500
      98.6667      191.148
      100.000      196.836
      101.333      184.994
      102.667      175.859
      104.000      187.760
      105.333      187.047
      106.667      191.268
      108.000      193.582
      109.333      182.998
      110.667      160.181
      112.000      171.988
      113.333      180.666
      114.667      174.603
      116.000      162.178
      117.333      156.682
      118.667      171.400
      120.000      179.554
      121.333      189.046
      122.667      168.198
      124.000      163.683
      125.333      171.927
      126.667      182.615
      128.000      183.722
      129.333      179.028
      130.667      186.671
      132.000      171.212
      133.333      161.015
      134.667      179.260
      136.000      188.173
      137.333      171.866
      138.667      186.158
      140.000      160.443
      141.333      157.483
      142.667      159.958
      144.000      152.014
      145.333      163.262
      146.667      158.526
      148.000      133.727
      149.333      139.377
      150.667      163.459
      152.000      175.519
      153.333      160.323
      154.667      159.112
      156.000      139.246
      157.333      169.857
      158.667      180.266
