      0.00000      139.663
      1.33333      123.601
      2.66667      120.486
      4.00000      114.680
      5.33333      110.313
      6.66667      112.557
      8.00000      95.6614
      9.33333      97.6619
      10.6667      98.8337
      12.0000      93.7958
      13.3333      84.8069
      14.6667      81.9078
      16.0000      66.5340
      17.3333      60.9433
      18.6667      62.0623
      20.0000      75.4553
      21.3333      71.6680
      22.6667      65.9028
      24.0000      67.2362
      25.3333      59.0251
      26.6667      74.7525
      28.0000      74.9324
      29.3333      72.3322
      30.6667      77.4314
      32.0000      91.0159
      33.3333      86.5291
      34.6667      86.4635
      36.0000      98.9768
      37.3333      98.9526
      38.6667      90.6884
      40.0000      89.5883
      41.3333      94.0549
      42.6667      89.4941
      44.0000      91.1523
      45.3333      95.2973
      46.6667      93.3407
      48.0000      78.6432
      49.3333      91.7329
      50.6667      84.4938
      52.0000      85.1985
      53.3333      92.8042
      54.6667      91.3337
      56.0000      73.9802
      57.3333      74.7197
      58.6667      72.0829
      60.0000      70.8133
      61.3333      69.1035
      62.6667      72.8100
      64.0000      68.7061
      65.3333      73.8001
      66.6667      65.5642
      68.0000      60.1790
      69.3333      102.459
      70.6667      138.778
      72.0000      175.978
      73.3333      218.835
      74.6667      237.664
      76.0000      264.079
      77.3333      274.624
      78.6667      284.892
      80.0000      302.500
      81.3333      315.826
      82.6667      317.939
      84.0000      340.111
      85.3333      327.623
      86.6667      328.178
      88.0000      352.825
      89.3333      354.589
      90.6667      386.889
      92.0000      378.165
      93.3333      383.032
      94.6667      383.850
      96.0000      398.975
      97.3333      408.647
      98.6667      413.157
      100.000      406.834
      101.333      404.517
      102.667      402.741
      104.000      409.007
      105.333      414.463
      106.667      412.012
      108.000      412.066
      109.333      398.876
      110.667      406.449
      112.000      396.798
      113.333      400.762
      114.667      413.072
      116.000      403.994
      117.333      405.597
      118.667      402.231
      120.000      419.419
      121.333      425.260
      122.667      409.003
      124.000      401.340
      125.333      405.703
      126.667      405.068
      128.000      404.114
      129.333      400.924
      130.667      398.842
      132.000      420.788
      133.333      432.191
      134.667      419.098
      136.000      410.287
      137.333      399.783
      138.667      400.275
      140.000      414.408
      141.333      417.807
      142.667      401.402
      144.000      406.021
      145.333      408.933
      146.667      414.022
      148.000      400.311
      149.333      405.276
      150.667      415.696
      152.000      412.692
      153.333      410.948
