      0.00000      83.0920
      1.33333      66.6580
      2.66667      67.6025
      4.00000      74.1480
      5.33333      64.1613
      6.66667      62.3298
      8.00000      58.0262
      9.33333      63.0229
      10.6667      51.4151
      12.0000      57.2561
      13.3333      53.7633
      14.6667      54.1980
      16.0000      76.2560
      17.3333      82.4742
      18.6667      90.6916
      20.0000      75.6501
      21.3333      53.3891
      22.6667      63.4965
      24.0000      56.8076
      25.3333      52.8222
      26.6667      78.1653
      28.0000      72.7841
      29.3333      54.9005
      30.6667      62.2690
      32.0000      70.0530
      33.3333      80.2018
      34.6667      82.5020
      36.0000      81.7907
      37.3333      80.5786
      38.6667      88.7816
      40.0000      104.297
      41.3333      115.219
      42.6667      94.0000
      44.0000      75.8102
      45.3333      93.2074
      46.6667      95.4335
      48.0000      80.5967
      49.3333      73.5888
      50.6667      85.1987
      52.0000      102.590
      53.3333      85.6323
      54.6667      75.2159
      56.0000      69.7952
      57.3333      81.2594
      58.6667      77.0894
      60.0000      84.2596
      61.3333      75.9634
      62.6667      81.3667
      64.0000      69.3351
      65.3333      79.3727
      66.6667      68.1765
      68.0000      65.7819
      69.3333      63.3396
      70.6667      93.3871
      72.0000      83.5009
      73.3333      75.2615
      74.6667      82.1561
      76.0000      74.0438
      77.3333      84.8883
      78.6667      101.014
      80.0000      72.4000
      81.3333      71.6473
      82.6667      81.5798
      84.0000      79.0835
      85.3333      84.7135
      86.6667      90.8081
      88.0000      88.7452
      89.3333      89.1112
      90.6667      83.7406
      92.0000      102.398
      93.3333      95.8756
      94.6667      84.2720
      96.0000      85.2824
      97.3333      93.7381
      98.6667      98.5045
      100.000      103.213
      101.333      103.057
      102.667      93.9564
      104.000      75.5729
      105.333      92.3023
      106.667      95.6370
      108.000      87.3086
      109.333      81.3791
      110.667      109.563
      112.000      113.220
      113.333      116.288
      114.667      115.308
      116.000      106.574
      117.333      111.808
      118.667      109.217
      120.000      113.352
      121.333      108.299
      122.667      126.833
      124.000      120.740
      125.333      142.508
      126.667      130.194
      128.000      125.989
      129.333      123.264
      130.667      124.742
      132.000      135.475
      133.333      123.608
      134.667      113.068
      136.000      133.726
      137.333      118.921
      138.667      133.933
      140.000      109.248
      141.333      105.750
      142.667      122.483
      144.000      108.225
      145.333      121.216
      146.667      135.447
      148.000      138.540
      149.333      114.671
      150.667      96.3098
      152.000      82.3206
      153.333      94.1755
