      0.00000      10.8223
      1.33333      7.69026
      2.66667      13.8258
      4.00000      2.13677
      5.33333     0.785095
      6.66667    -0.523103
      8.00000     -1.78540
      9.33333      5.31107
      10.6667      3.10596
      12.0000     -5.21892
      13.3333      1.60173
      14.6667     -6.79057
      16.0000     -12.2286
      17.3333     -23.8100
      18.6667     -17.4415
      20.0000     -17.0645
      21.3333     -12.3586
      22.6667     -2.68652
      24.0000     -7.32493
      25.3333     -9.41316
      26.6667      7.31271
      28.0000     -11.2405
      29.3333     -10.0604
      30.6667     -2.82763
      32.0000      6.61426
      33.3333    -0.277468
      34.6667     -2.13723
      36.0000     -2.32720
      37.3333      4.61144
      38.6667     -7.51396
      40.0000     -6.85999
      41.3333     -3.36621
      42.6667      8.99044
      44.0000     -6.94687
      45.3333     -15.4902
      46.6667     -2.73384
      48.0000     -2.74484
      49.3333     -4.78085
      50.6667    -0.560348
      52.0000     -5.81051
      53.3333     -12.0950
      54.6667     0.718129
      56.0000     -4.66802
      57.3333     -16.9686
      58.6667     -8.32506
      60.0000      1.37668
      61.3333     -3.96716
      62.6667    -0.334369
      64.0000     -3.05463
      65.3333     -8.93777
      66.6667     -4.56809
      68.0000     -4.18388
      69.3333     -2.53209
      70.6667     0.366078
      72.0000     0.337733
      73.3333     -4.35549
      74.6667     -14.3214
      76.0000      7.33849
      77.3333     -8.92256
      78.6667     -3.28328
      80.0000     -3.50000
      81.3333     -13.0065
      82.6667      9.27553
      84.0000      7.28759
      85.3333      9.57699
      86.6667      8.75690
      88.0000     -2.79501
      89.3333     -9.23624
      90.6667     -10.1555
      92.0000    -0.630203
      93.3333      4.02451
      94.6667    -0.477338
      96.0000     -15.2203
      97.3333     -24.1354
      98.6667     -8.97964
      100.000     -5.13187
      101.333      3.60742
      102.667     -2.77659
      104.000     -12.9736
      105.333     -17.4639
      106.667     -19.8763
      108.000     -23.1302
      109.333     -11.5055
      110.667     -8.40282
      112.000     -17.8200
      113.333     -3.86683
      114.667     -5.47132
      116.000     -9.30860
      117.333      2.97676
      118.667      6.93709
      120.000      8.21174
      121.333      5.77010
      122.667      3.20468
      124.000    -0.751973
      125.333      3.31293
      126.667      8.91845
      128.000     -2.00787
      129.333      7.82119
      130.667     -6.97494
      132.000     -11.8455
      133.333      7.37235
      134.667     -16.8448
      136.000     -6.00877
      137.333     -14.7346
      138.667     -9.14527
      140.000      4.35620
      141.333     0.122443
      142.667     -2.88965
      144.000     -15.0956
      145.333     -18.4845
      146.667     -12.4624
      148.000     -16.6233
      149.333     -9.21409
      150.667     -5.04898
      152.000     -7.03023
      153.333     -2.64102
